% rows 31 cols 52
 0.00000  -5.1186  -5.1172  -4.9880  -4.9866  -4.3499  -4.3499  -3.8165  -3.8152  -3.4573
          -3.4573  -3.4505  -3.4492  -3.1703  -3.1703  -2.6968  -2.6968  -2.5063  -2.5049
          -2.4560  -2.4546  -2.1158  -2.1145  -1.9362  -1.9362  -1.1661  -1.1648  -0.8899
          -0.8899  -0.5444  -0.5444   4.8979   4.8993   5.6952   5.6952   6.3047   6.3047
           6.3496   6.3496   6.6667   6.6680   7.1646   7.1646   7.2027   7.2027   7.5211
           7.5225   8.2245   8.2259   9.1470   9.1483  13.1688
 0.03334  -5.1730  -5.0601  -5.0574  -4.9145  -4.3512  -4.3485  -3.8424  -3.7866  -3.4778
          -3.4710  -3.4410  -3.4192  -3.1893  -3.1499  -2.7417  -2.6560  -2.5117  -2.5009
          -2.4709  -2.4383  -2.1281  -2.1022  -1.9893  -1.8764  -1.1893  -1.1417  -0.9158
          -0.8682  -0.5566  -0.5267   4.8816   4.9156   5.6952   5.6952   6.2558   6.3388
           6.3551   6.3632   6.6517   6.6775   7.1238   7.1660   7.2109   7.2218   7.5143
           7.5429   8.1959   8.2558   9.0994   9.1946  13.0559
 0.06667  -5.2234  -5.1227  -4.9975  -4.8397  -4.3512  -4.3458  -3.8682  -3.7567  -3.4995
          -3.4832  -3.4233  -3.3852  -3.2043  -3.1294  -2.7866  -2.6206  -2.5186  -2.4995
          -2.4832  -2.4206  -2.1403  -2.0873  -2.0383  -1.8124  -1.2138  -1.1172  -0.9457
          -0.8532  -0.5621  -0.5022   4.8639   4.9306   5.6925   5.6952   6.2081   6.3292
           6.3796   6.4054   6.6299   6.6816   7.0912   7.1170   7.2204   7.2626   7.5238
           7.5742   8.1728   8.2898   9.0504   9.2409  12.9076
 0.10000  -5.2696  -5.1839  -4.9349  -4.7649  -4.3472  -4.3444  -3.8900  -3.7267  -3.5172
          -3.4900  -3.4056  -3.3539  -3.2124  -3.1077  -2.8301  -2.5975  -2.5267  -2.4981
          -2.4859  -2.4029  -2.1539  -2.0818  -2.0723  -1.7444  -1.2383  -1.0913  -0.9797
          -0.8423  -0.5621  -0.4736   4.8476   4.9455   5.6884   5.6938   6.1646   6.3224
           6.3973   6.4503   6.6109   6.6803   7.0612   7.0639   7.2027   7.3197   7.5429
           7.6109   8.1565   8.3225   9.0000   9.2844  12.7389
 0.13333  -5.3091  -5.2383  -4.8696  -4.6927  -4.3431  -4.3390  -3.9091  -3.6954  -3.5295
          -3.4954  -3.3907  -3.3322  -3.2056  -3.0845  -2.8682  -2.5907  -2.5349  -2.4981
          -2.4764  -2.3839  -2.1662  -2.1213  -2.0573  -1.6723  -1.2627  -1.0668  -1.0151
          -0.8355  -0.5593  -0.4423   4.8299   4.9564   5.6843   5.6925   6.1238   6.3184
           6.4177   6.4721   6.6095   6.6762   7.0014   7.0435   7.1741   7.3796   7.5633
           7.6503   8.1497   8.3565   8.9524   9.3252  12.5579
 0.16666  -5.3445  -5.2873  -4.8043  -4.6302  -4.3417  -4.3199  -3.9254  -3.6642  -3.5349
          -3.4954  -3.3825  -3.3295  -3.1757  -3.0614  -2.8982  -2.5961  -2.5444  -2.4995
          -2.4573  -2.3662  -2.1798  -2.1553  -2.0396  -1.5974  -1.2872  -1.0505  -1.0410
          -0.8328  -0.5525  -0.4097   4.8149   4.9659   5.6802   5.6925   6.0884   6.3143
           6.4381   6.4599   6.6394   6.6680   6.9388   7.0258   7.1415   7.4408   7.5796
           7.6925   8.1524   8.3891   8.9034   9.3633  12.3715
 0.20000  -5.3730  -5.3295  -4.7417  -4.5798  -4.3417  -4.2873  -3.9363  -3.6356  -3.5335
          -3.4927  -3.3852  -3.3390  -3.1294  -3.0369  -2.9077  -2.6083  -2.5539  -2.5022
          -2.4342  -2.3458  -2.1947  -2.1825  -2.0206  -1.5226  -1.3104  -1.0886  -1.0151
          -0.8328  -0.5444  -0.3784   4.8000   4.9700   5.6762   5.6938   6.0558   6.3129
           6.4299   6.4599   6.6599   6.6925   6.8735   7.0109   7.1061   7.5048   7.5891
           7.7347   8.1674   8.4191   8.8572   9.4028  12.1824
 0.23333  -5.3962  -5.3649  -4.6805  -4.5472  -4.3417  -4.2356  -3.9417  -3.6111  -3.5254
          -3.4873  -3.3988  -3.3553  -3.0750  -3.0111  -2.9063  -2.6220  -2.5648  -2.5049
          -2.4111  -2.3294  -2.2097  -2.2083  -2.0002  -1.4532  -1.3308  -1.1253  -0.9893
          -0.8342  -0.5348  -0.3484   4.7850   4.9714   5.6734   5.6979   6.0285   6.3102
           6.3918   6.4830   6.6503   6.7497   6.8095   6.9986   7.0694   7.5687   7.5905
           7.7769   8.1932   8.4490   8.8109   9.4341  11.9933
 0.26667  -5.4125  -5.3921  -4.6247  -4.5308  -4.3431  -4.1689  -3.9403  -3.5920  -3.5077
          -3.4778  -3.4247  -3.3743  -3.0152  -2.9852  -2.8900  -2.6356  -2.5730  -2.5077
          -2.3893  -2.3158  -2.2274  -2.2260  -1.9784  -1.4124  -1.3240  -1.1621  -0.9648
          -0.8369  -0.5240  -0.3240   4.7714   4.9687   5.6721   5.7034   6.0068   6.3088
           6.3551   6.5047   6.6435   6.7483   6.8095   6.9864   7.0313   7.5864   7.6327
           7.8204   8.2286   8.4749   8.7674   9.4613  11.8042
 0.30000  -5.4234  -5.4138  -4.5744  -4.5240  -4.3444  -4.0927  -3.9295  -3.5771  -3.4832
          -3.4669  -3.4587  -3.3934  -2.9567  -2.9526  -2.8614  -2.6492  -2.5811  -2.5090
          -2.3689  -2.3090  -2.2451  -2.2356  -1.9553  -1.4219  -1.2682  -1.1974  -0.9417
          -0.8423  -0.5131  -0.3035   4.7578   4.9605   5.6748   5.7129   5.9891   6.3088
           6.3211   6.5252   6.6381   6.6884   6.8694   6.9741   6.9946   7.5782   7.6952
           7.8612   8.2694   8.4993   8.7252   9.4830  11.6178
 0.33334  -5.4274  -5.4261  -4.5336  -4.5268  -4.3472  -4.0111  -3.9091  -3.5635  -3.5009
          -3.4560  -3.4533  -3.4138  -2.9254  -2.8913  -2.8274  -2.6601  -2.5893  -2.5090
          -2.3498  -2.3145  -2.2641  -2.2301  -1.9294  -1.4491  -1.2342  -1.2002  -0.9199
          -0.8491  -0.5022  -0.2886   4.7238   4.9469   5.6802   5.7279   5.9768   6.2925
           6.3088   6.5456   6.6313   6.6367   6.9034   6.9578   6.9578   7.5687   7.7565
           7.9021   8.3143   8.5198   8.6857   9.4953  11.4341
 0.36667  -5.4329  -5.4234  -4.5308  -4.5023  -4.3499  -3.9267  -3.8764  -3.5499  -3.5444
          -3.4383  -3.4342  -3.4274  -2.8913  -2.8315  -2.7866  -2.6682  -2.5947  -2.5049
          -2.3322  -2.3254  -2.2845  -2.2083  -1.9022  -1.4818  -1.2695  -1.1335  -0.9008
          -0.8573  -0.4940  -0.2831   4.7047   4.9292   5.6911   5.7483   5.9687   6.2721
           6.3102   6.5619   6.5796   6.6394   6.9224   6.9401   6.9633   7.5592   7.8163
           7.9415   8.3633   8.5374   8.6476   9.5075  11.2545
 0.40000  -5.4302  -5.4125  -4.5390  -4.4805  -4.3526  -3.8397  -3.8329  -3.5880  -3.5363
          -3.4533  -3.4233  -3.4002  -2.8560  -2.7757  -2.7458  -2.6750  -2.5975  -2.4968
          -2.3376  -2.3158  -2.3077  -2.1784  -1.8736  -1.5172  -1.3036  -1.0682  -0.8831
          -0.8668  -0.4872  -0.2845   4.6857   4.9074   5.7075   5.7741   5.9646   6.2612
           6.3129   6.5224   6.5864   6.6476   6.8857   6.9292   7.0163   7.5510   7.8735
           7.9782   8.4123   8.5510   8.6109   9.5143  11.0790
 0.43333  -5.4220  -5.3962  -4.5485  -4.4669  -4.3567  -3.7798  -3.7567  -3.6274  -3.5227
          -3.4710  -3.4084  -3.3743  -2.8165  -2.7281  -2.7090  -2.6764  -2.5988  -2.4818
          -2.3498  -2.3322  -2.3022  -2.1403  -1.8410  -1.5539  -1.3389  -1.0083  -0.8777
          -0.8695  -0.4831  -0.2940   4.6666   4.8816   5.7279   5.8054   5.9646   6.2585
           6.3170   6.4762   6.6041   6.6612   6.8517   6.9156   7.0694   7.5429   7.9279
           8.0136   8.4612   8.5619   8.5755   9.5143  10.9103
 0.46667  -5.4057  -5.3744  -4.5594  -4.4614  -4.3608  -3.7186  -3.7036  -3.6369  -3.5090
          -3.4873  -3.3934  -3.3499  -2.7757  -2.6900  -2.6791  -2.6764  -2.5975  -2.4587
          -2.3594  -2.3580  -2.2900  -2.0941  -1.8070  -1.5934  -1.3730  -0.9525  -0.8886
          -0.8587  -0.4831  -0.3117   4.6462   4.8530   5.7524   5.8394   5.9673   6.2680
           6.3252   6.4286   6.6190   6.6816   6.8177   6.9007   7.1211   7.5388   7.9782
           8.0449   8.5102   8.5429   8.5633   9.5075  10.7456
 0.50000  -5.3839  -5.3458  -4.5717  -4.4601  -4.3648  -3.7267  -3.6560  -3.5676  -3.4995
          -3.4954  -3.3798  -3.3281  -2.7349  -2.6709  -2.6628  -2.6546  -2.5893  -2.4247
          -2.3852  -2.3689  -2.2791  -2.0410  -1.7716  -1.6355  -1.4056  -0.9036  -0.9008
          -0.8532  -0.4859  -0.3389   4.6258   4.8217   5.7809   5.8802   5.9714   6.2898
           6.3360   6.3918   6.6367   6.7088   6.7864   6.8843   7.1687   7.5347   8.0259
           8.0748   8.5102   8.5565   8.5647   9.4926  10.5865
 0.53333  -5.3553  -5.3118  -4.5839  -4.4628  -4.3716  -3.7635  -3.6029  -3.4954  -3.4859
          -3.4832  -3.3675  -3.3090  -2.6954  -2.6628  -2.6451  -2.6383  -2.5757  -2.4138
          -2.3839  -2.3771  -2.2709  -1.9852  -1.7335  -1.6764  -1.4396  -0.9144  -0.8587
          -0.8519  -0.4940  -0.3743   4.6000   4.7891   5.8109   5.9238   5.9796   6.3047
           6.3496   6.3619   6.6544   6.7442   6.7565   6.8653   7.2136   7.5333   8.0680
           8.1021   8.4803   8.5606   8.6014   9.4694  10.4327
 0.56667  -5.3213  -5.2737  -4.5975  -4.4682  -4.3771  -3.7975  -3.5812  -3.4723  -3.4560
          -3.4029  -3.3567  -3.2914  -2.6628  -2.6505  -2.6342  -2.6274  -2.5498  -2.4424
          -2.3825  -2.3390  -2.2655  -1.9226  -1.7185  -1.6940  -1.4709  -0.9294  -0.8546
          -0.8206  -0.5049  -0.4165   4.5768   4.7551   5.8408   5.9660   5.9877   6.3428
           6.3496   6.3646   6.6735   6.7320   6.7864   6.8490   7.2558   7.5347   8.1048
           8.1265   8.4504   8.5524   8.6449   9.4395  10.2871
 0.60000  -5.2832  -5.2302  -4.6111  -4.4764  -4.3853  -3.8301  -3.5852  -3.4628  -3.3880
          -3.3471  -3.3199  -3.2764  -2.6410  -2.6342  -2.6260  -2.6206  -2.5131  -2.4668
          -2.3866  -2.2941  -2.2641  -1.8573  -1.7607  -1.6559  -1.5022  -0.9430  -0.8614
          -0.7879  -0.5212  -0.4655   4.5523   4.7224   5.8707   5.9973   6.0013   6.3374
           6.3796   6.4054   6.6952   6.7129   6.8340   6.8354   7.2966   7.5374   8.1361
           8.1483   8.4232   8.5388   8.6844   9.4000  10.1470
 0.63333  -5.2397  -5.1839  -4.6247  -4.4846  -4.3948  -3.8601  -3.5961  -3.4560  -3.3417
          -3.3104  -3.2641  -3.2397  -2.6260  -2.6206  -2.6179  -2.6152  -2.5036  -2.4532
          -2.3907  -2.2655  -2.2492  -1.8002  -1.7906  -1.6233  -1.5267  -0.9593  -0.8723
          -0.7621  -0.5416  -0.5212   4.5292   4.6897   5.8993   6.0068   6.0258   6.3496
           6.3905   6.4721   6.7034   6.7197   6.8204   6.8912   7.3333   7.5415   8.1592
           8.1674   8.3973   8.5198   8.7211   9.3524  10.0137
 0.66666  -5.1934  -5.1336  -4.6370  -4.4927  -4.4057  -3.8859  -3.6084  -3.4519  -3.3363
          -3.2546  -3.2315  -3.1594  -2.6206  -2.6179  -2.6165  -2.5947  -2.5199  -2.4002
          -2.3947  -2.2709  -2.2056  -1.8369  -1.7267  -1.6138  -1.5281  -0.9757  -0.8872
          -0.7498  -0.5797  -0.5648   4.5047   4.6530   5.9265   6.0136   6.0381   6.3796
           6.3959   6.5469   6.7048   6.7483   6.8095   6.9510   7.3674   7.5469   8.1701
           8.1837   8.3769   8.4953   8.7538   9.2966   9.8871
 0.70000  -5.1431  -5.0832  -4.6492  -4.5023  -4.4179  -3.9091  -3.6206  -3.4492  -3.3335
          -3.2465  -3.1499  -3.0832  -2.6274  -2.6165  -2.6138  -2.5716  -2.5254  -2.3988
          -2.3403  -2.2805  -2.1634  -1.8696  -1.6628  -1.6315  -1.5022  -0.9920  -0.9063
          -0.7335  -0.6423  -0.5920   4.4829   4.6231   5.9510   6.0231   6.0381   6.3918
           6.4190   6.6258   6.7184   6.7864   6.8041   7.0177   7.4000   7.5537   8.1728
           8.1946   8.3633   8.4667   8.7837   9.2341   9.7688
 0.73333  -5.0914  -5.0315  -4.6614  -4.5104  -4.4315  -3.9295  -3.6329  -3.4492  -3.3335
          -3.2424  -3.0723  -3.0097  -2.6451  -2.6179  -2.6138  -2.5485  -2.5199  -2.4043
          -2.2941  -2.2791  -2.1240  -1.8981  -1.6614  -1.6042  -1.4723  -1.0110  -0.9280
          -0.7226  -0.7063  -0.6233   4.4612   4.5959   5.9741   6.0313   6.0313   6.3796
           6.4612   6.6966   6.7415   6.8136   6.8286   7.0884   7.4286   7.5619   8.1619
           8.1864   8.3578   8.4340   8.8096   9.1647   9.6599
 0.76667  -5.0383  -4.9798  -4.6723  -4.5186  -4.4478  -3.9485  -3.6424  -3.4519  -3.3335
          -3.2397  -2.9948  -2.9403  -2.6682  -2.6179  -2.6124  -2.5254  -2.5090  -2.4111
          -2.3117  -2.2151  -2.0886  -1.9226  -1.6927  -1.5485  -1.4369  -1.0314  -0.9512
          -0.7675  -0.7144  -0.6546   4.4421   4.5714   5.9959   6.0231   6.0381   6.3619
           6.4979   6.7306   6.7714   6.8680   6.8912   7.1619   7.4544   7.5701   8.1402
           8.1878   8.3578   8.3987   8.8313   9.0885   9.5592
 0.80000  -4.9853  -4.9308  -4.6819  -4.5254  -4.4669  -3.9635  -3.6519  -3.4573  -3.3349
          -3.2397  -2.9213  -2.8764  -2.6900  -2.6179  -2.6097  -2.5036  -2.4941  -2.4179
          -2.3294  -2.1526  -2.0560  -1.9403  -1.7253  -1.4981  -1.4029  -1.0559  -0.9757
          -0.8246  -0.7090  -0.6872   4.4244   4.5496   6.0136   6.0177   6.0449   6.3388
           6.5279   6.7347   6.8027   6.9551   6.9646   7.2367   7.4762   7.5810   8.1089
           8.1823   8.3633   8.3633   8.8504   9.0109   9.4708
 0.83334  -4.9336  -4.8846  -4.6900  -4.5322  -4.4873  -3.9757  -3.6601  -3.4641  -3.3363
          -3.2410  -2.8533  -2.8165  -2.7104  -2.6165  -2.6097  -2.4859  -2.4791  -2.4274
          -2.3485  -2.0900  -2.0260  -1.9553  -1.7580  -1.4532  -1.3716  -1.0872  -1.0015
          -0.8723  -0.7185  -0.7063   4.4095   4.5306   6.0041   6.0381   6.0503   6.3143
           6.5496   6.7320   6.8340   7.0463   7.0503   7.3102   7.4952   7.5905   8.0721
           8.1674   8.3320   8.3687   8.8653   8.9320   9.3932
 0.86667  -4.8819  -4.8438  -4.6968  -4.5376  -4.5104  -3.9852  -3.6669  -3.4723  -3.3390
          -3.2424  -2.7907  -2.7648  -2.7281  -2.6138  -2.6097  -2.4709  -2.4655  -2.4383
          -2.3648  -2.0315  -2.0015  -1.9648  -1.7879  -1.4138  -1.3457  -1.1253  -1.0246
          -0.9104  -0.7471  -0.7049   4.3959   4.5156   5.9959   6.0544   6.0585   6.2884
           6.5646   6.7279   6.8612   7.1320   7.1415   7.3823   7.5102   7.6000   8.0313
           8.1374   8.3089   8.3755   8.8545   8.8762   9.3279
 0.90000  -4.8342  -4.8098  -4.7023  -4.5417  -4.5363  -3.9934  -3.6737  -3.4805  -3.3403
          -3.2465  -2.7444  -2.7376  -2.7240  -2.6111  -2.6070  -2.4600  -2.4546  -2.4519
          -2.3771  -1.9811  -1.9784  -1.9730  -1.8138  -1.3825  -1.3226  -1.1648  -1.0464
          -0.9362  -0.7729  -0.7036   4.3850   4.5034   5.9905   6.0585   6.0721   6.2598
           6.5755   6.7238   6.8775   7.2150   7.2259   7.4490   7.5197   7.6082   7.9891
           8.0993   8.2953   8.3810   8.7851   8.8857   9.2776
 0.93333  -4.7934  -4.7853  -4.7063  -4.5608  -4.5444  -3.9989  -3.6764  -3.4873  -3.3431
          -3.2478  -2.7539  -2.6954  -2.6941  -2.6152  -2.5947  -2.4655  -2.4560  -2.4464
          -2.3825  -1.9770  -1.9662  -1.9349  -1.8355  -1.3580  -1.3063  -1.2015  -1.0641
          -0.9525  -0.7933  -0.7036   4.3768   4.4952   5.9864   6.0598   6.0911   6.2367
           6.5837   6.7211   6.8939   7.2857   7.2939   7.5061   7.5265   7.6150   7.9497
           8.0572   8.2871   8.3837   8.7279   8.8912   9.2409
 0.96667  -4.7689  -4.7621  -4.7077  -4.5825  -4.5472  -4.0016  -3.6791  -3.4914  -3.3444
          -3.2492  -2.7607  -2.6805  -2.6614  -2.6220  -2.5811  -2.4791  -2.4560  -2.4410
          -2.3852  -1.9798  -1.9566  -1.9049  -1.8492  -1.3430  -1.2954  -1.2287  -1.0750
          -0.9607  -0.8056  -0.7049   4.3727   4.4897   5.9837   6.0626   6.1075   6.2177
           6.5864   6.7197   6.9034   7.3347   7.3401   7.5279   7.5483   7.6191   7.9197
           8.0245   8.2830   8.3864   8.6912   8.8953   9.2191
 1.00000  -4.7635  -4.7485  -4.7091  -4.5907  -4.5472  -4.0029  -3.6805  -3.4927  -3.3444
          -3.2505  -2.7621  -2.6764  -2.6451  -2.6301  -2.5743  -2.4845  -2.4560  -2.4396
          -2.3852  -1.9811  -1.9526  -1.8954  -1.8546  -1.3376  -1.2927  -1.2383  -1.0791
          -0.9634  -0.8097  -0.7049   4.3700   4.4884   5.9823   6.0626   6.1143   6.2109
           6.5877   6.7184   6.9075   7.3524   7.3578   7.5293   7.5633   7.6204   7.9075
           8.0123   8.2817   8.3878   8.6776   8.8953   9.2109
